
Sample No. 0 

145
152
180
204
244
285
262
288
294
258
257
223
203
227
181
187
140
118
104
68
58
37
33
18
17
14
8
1
3
1
2
1
1
3
1
1
1
2
1


Sample No. 1 

132
155
183
210
255
252
257
238
283
266
267
242
241
209
180
181
145
122
103
73
43
47
39
24
19
19
9
12
2
5
1
2
1
1
1
1
1
1
1


Sample No. 2 

119
166
187
214
244
274
291
264
261
258
260
229
218
217
220
168
146
119
82
78
44
40
38
24
16
16
6
5
3
1
3
4
3
1
2
2


Sample No. 3 

368
398
415
453
460
402
376
268
258
247
180
109
90
62
47
29
27
13
9
6
2
1
1
1
1


Sample No. 4 

169
87
129
128
134
170
139
144
164
135
140
140
133
150
142
145
151
123
148
142
141
128
107
118
114
95
91
60
84
67
54
65
58
54
27
29
20
12
14
17
10
6
5
2
4
5
3
3
1
2
1
1
4
1
1
1
1
1
1
1
1


Sample No. 5 

172
169
192
181
209
234
258
248
243
274
250
228
196
177
191
184
158
133
118
86
74
55
54
34
24
19
9
10
11
6
9
5
2
3
2
1
1
1
1
1


Sample No. 6 

177
145
160
216
188
227
233
237
234
232
233
216
218
229
181
145
133
146
141
103
92
74
68
44
41
29
16
1
8
5
8
4
3
7
1
20
1
3
1
2
1


Sample No. 7 

153
121
133
150
146
168
185
176
184
193
188
200
199
195
180
167
206
166
146
138
138
125
109
78
68
68
50
33
27
35
30
12
13
7
6
11
3
2
3
1
2
1
2
1
2
1
1

