
Sample No. 0 

362
194
193
224
229
230
264
296
265
240
216
225
222
174
176
142
122
114
83
55
54
37
32
19
14
13
6
7
4
1
1
1
2
1
1
1
1
1
1


Sample No. 1 

470
68
277
66
262
68
342
66
277
67
283
51
252
51
240
29
204
17
171
14
142
5
134
8
114
105
101
88
55
40
39
27
1
28
15
15
9
6
2
3
2
1
2
3
1
1
1


Sample No. 2 

185
289
248
272
262
305
266
310
261
237
211
206
177
183
152
141
124
90
80
53
43
39
31
17
10
8
4
4
6
1
1
1
1
1
1
1
1
1


Sample No. 3 

383
276
265
249
286
303
307
288
280
267
210
214
210
152
109
120
78
71
55
24
27
11
9
10
4
2
1
1
2
2
2
1
1
1
1
1


Sample No. 4 

172
239
276
315
341
273
258
267
291
273
265
220
187
140
146
106
111
104
74
42
40
26
14
9
10
6
4
5
2
2
1
1
1
1
1


Sample No. 5 

202
275
299
271
320
294
307
306
288
271
230
232
190
159
137
107
92
64
56
34
29
18
8
12
6
2
2
3
2
2
1
1
1
2


Sample No. 6 

180
247
226
255
288
304
298
246
234
310
268
244
204
175
172
132
98
96
59
50
40
23
20
18
10
8
4
5
3
1
1
1
1
1
1


Sample No. 7 

267
302
330
300
275
295
289
237
294
242
225
234
167
151
123
125
88
78
45
44
32
17
13
17
8
8
5
1
1
3
1
1
1
1
1
2

