
([(0, 145), (1, 152), (2, 180), (3, 204), (4, 244), (5, 285), (6, 262), (7, 288), (8, 294), (9, 258), (10, 257), (11, 223), (12, 203), (13, 227), (14, 181), (15, 187), (16, 140), (17, 118), (18, 104), (19, 68), (20, 58), (21, 37), (22, 33), (23, 18), (24, 17), (25, 14), (26, 8), (75, 1), (28, 3), (29, 1), (30, 2), (31, 1), (97, 1), (27, 3), (37, 1), (65, 1), (40, 1), (42, 2), (99, 1)])

([(0, 132), (1, 155), (2, 183), (3, 210), (4, 255), (5, 252), (6, 257), (7, 238), (8, 283), (9, 266), (10, 267), (11, 242), (12, 241), (13, 209), (14, 180), (15, 181), (16, 145), (17, 122), (18, 103), (19, 73), (20, 43), (21, 47), (22, 39), (23, 24), (24, 19), (25, 19), (26, 9), (27, 12), (28, 2), (29, 5), (30, 1), (31, 2), (32, 1), (34, 1), (92, 1), (50, 1), (54, 1), (59, 1), (89, 1)])

([(0, 119), (1, 166), (2, 187), (3, 214), (4, 244), (5, 274), (6, 291), (7, 264), (8, 261), (9, 258), (10, 260), (11, 229), (12, 218), (13, 217), (14, 220), (15, 168), (16, 146), (17, 119), (18, 82), (19, 78), (20, 44), (21, 40), (22, 38), (23, 24), (24, 16), (25, 16), (26, 6), (27, 5), (28, 3), (29, 1), (30, 3), (31, 4), (32, 3), (53, 1), (54, 2), (87, 2)])

([(0, 368), (1, 398), (2, 415), (3, 453), (4, 460), (5, 402), (6, 376), (7, 268), (8, 258), (9, 247), (10, 180), (11, 109), (12, 90), (13, 62), (14, 47), (15, 29), (16, 27), (17, 13), (18, 9), (19, 6), (21, 2), (33, 1), (46, 1), (49, 1), (51, 1)])

([(0, 169), (1, 87), (2, 129), (3, 128), (4, 134), (5, 170), (6, 139), (7, 144), (8, 164), (9, 135), (10, 140), (11, 140), (12, 133), (13, 150), (14, 142), (15, 145), (16, 151), (17, 123), (18, 148), (19, 142), (20, 141), (21, 128), (22, 107), (23, 118), (24, 114), (25, 95), (26, 91), (27, 60), (28, 84), (29, 67), (30, 54), (31, 65), (32, 58), (33, 54), (34, 27), (35, 29), (36, 20), (37, 12), (38, 14), (39, 17), (40, 10), (41, 6), (42, 5), (43, 2), (44, 4), (45, 5), (46, 3), (47, 3), (48, 1), (49, 2), (50, 1), (179, 1), (52, 4), (54, 1), (183, 1), (51, 1), (68, 1), (69, 1), (73, 1), (117, 1), (124, 1)])

([(0, 172), (1, 169), (2, 192), (3, 181), (4, 209), (5, 234), (6, 258), (7, 248), (8, 243), (9, 274), (10, 250), (11, 228), (12, 196), (13, 177), (14, 191), (15, 184), (16, 158), (17, 133), (18, 118), (19, 86), (20, 74), (21, 55), (22, 54), (23, 34), (24, 24), (25, 19), (26, 9), (27, 10), (28, 11), (29, 6), (30, 9), (31, 5), (32, 2), (33, 3), (35, 2), (36, 1), (38, 1), (79, 1), (62, 1), (63, 1)])

([(0, 177), (1, 145), (2, 160), (3, 216), (4, 188), (5, 227), (6, 233), (7, 237), (8, 234), (9, 232), (10, 233), (11, 216), (12, 218), (13, 229), (14, 181), (15, 145), (16, 133), (17, 146), (18, 141), (19, 103), (20, 92), (21, 74), (22, 68), (23, 44), (24, 41), (25, 29), (26, 16), (75, 1), (28, 8), (29, 5), (30, 8), (31, 4), (32, 3), (33, 7), (34, 1), (27, 20), (37, 1), (40, 3), (64, 1), (52, 2), (56, 1)])

([(0, 153), (1, 121), (2, 133), (3, 150), (4, 146), (5, 168), (6, 185), (7, 176), (8, 184), (9, 193), (10, 188), (11, 200), (12, 199), (13, 195), (14, 180), (15, 167), (16, 206), (17, 166), (18, 146), (19, 138), (20, 138), (21, 125), (22, 109), (23, 78), (24, 68), (25, 68), (26, 50), (27, 33), (28, 27), (29, 35), (30, 30), (31, 12), (32, 13), (33, 7), (34, 6), (35, 11), (36, 3), (37, 2), (38, 3), (39, 1), (40, 2), (43, 1), (52, 2), (61, 1), (68, 2), (76, 1), (87, 1)])
