
Sample No. 0 

0
1
2
3
4
5
6
7
8
9
10
11
12
13
14
15
16
17
18
19
20
21
22
23
24
25
26
75
28
29
30
31
97
27
37
65
40
42
99

Sample No. 1 

0
1
2
3
4
5
6
7
8
9
10
11
12
13
14
15
16
17
18
19
20
21
22
23
24
25
26
27
28
29
30
31
32
34
92
50
54
59
89

Sample No. 2 

0
1
2
3
4
5
6
7
8
9
10
11
12
13
14
15
16
17
18
19
20
21
22
23
24
25
26
27
28
29
30
31
32
53
54
87

Sample No. 3 

0
1
2
3
4
5
6
7
8
9
10
11
12
13
14
15
16
17
18
19
21
33
46
49
51

Sample No. 4 

0
1
2
3
4
5
6
7
8
9
10
11
12
13
14
15
16
17
18
19
20
21
22
23
24
25
26
27
28
29
30
31
32
33
34
35
36
37
38
39
40
41
42
43
44
45
46
47
48
49
50
179
52
54
183
51
68
69
73
117
124

Sample No. 5 

0
1
2
3
4
5
6
7
8
9
10
11
12
13
14
15
16
17
18
19
20
21
22
23
24
25
26
27
28
29
30
31
32
33
35
36
38
79
62
63

Sample No. 6 

0
1
2
3
4
5
6
7
8
9
10
11
12
13
14
15
16
17
18
19
20
21
22
23
24
25
26
75
28
29
30
31
32
33
34
27
37
40
64
52
56

Sample No. 7 

0
1
2
3
4
5
6
7
8
9
10
11
12
13
14
15
16
17
18
19
20
21
22
23
24
25
26
27
28
29
30
31
32
33
34
35
36
37
38
39
40
43
52
61
68
76
87
