#!/usr/bin/env python

import matplotlib.pyplot as plt

1frequency = [[0, 362], [1, 194], [2, 193], [3, 224], [4, 229], [5, 230], [6, 264], [7, 296], [8, 265], [9, 240], [10, 216], [11, 225], [12, 222], [13, 174], [14, 176], [15, 142], [16, 122], [17, 114], [18, 83], [19, 55], [20, 54], [21, 37], [22, 32], [23, 19], [24, 14], [25, 13], [26, 6], [27, 7], [28, 4], [29, 1], [30, 1], [32, 1], [34, 2], [35, 1], [36, 1], [48, 1], [49, 1], [88, 1], [87, 1]]
2frequency = [[0, 470], [1, 68], [2, 277], [3, 66], [4, 262], [5, 68], [6, 342], [7, 66], [8, 277], [9, 67], [10, 283], [11, 51], [12, 252], [13, 51], [14, 240], [15, 29], [16, 204], [17, 17], [18, 171], [19, 14], [20, 142], [21, 5], [22, 134], [23, 8], [24, 114], [26, 105], [28, 101], [30, 88], [32, 55], [34, 40], [36, 39], [38, 27], [39, 1], [40, 28], [42, 15], [44, 15], [46, 9], [48, 6], [50, 2], [52, 3], [54, 2], [56, 1], [62, 2], [64, 3], [66, 1], [68, 1], [80, 1]]

3frequency = [[0, 185], [1, 289], [2, 248], [3, 272], [4, 262], [5, 305], [6, 266], [7, 310], [8, 261], [9, 237], [10, 211], [11, 206], [12, 177], [13, 183], [14, 152], [15, 141], [16, 124], [17, 90], [18, 80], [19, 53], [20, 43], [21, 39], [22, 31], [23, 17], [24, 10], [25, 8], [26, 4], [27, 4], [28, 6], [30, 1], [34, 1], [36, 1], [70, 1], [65, 1], [40, 1], [71, 1], [43, 1], [61, 1]]

4frequency = [[0, 383], [1, 276], [2, 265], [3, 249], [4, 286], [5, 303], [6, 307], [7, 288], [8, 280], [9, 267], [10, 210], [11, 214], [12, 210], [13, 152], [14, 109], [15, 120], [16, 78], [17, 71], [18, 55], [19, 24], [20, 27], [21, 11], [22, 9], [23, 10], [24, 4], [25, 2], [26, 1], [27, 1], [28, 2], [29, 2], [30, 2], [49, 1], [50, 1], [51, 1], [52, 1], [53, 1]]

5frequency = [[0, 172], [1, 239], [2, 276], [3, 315], [4, 341], [5, 273], [6, 258], [7, 267], [8, 291], [9, 273], [10, 265], [11, 220], [12, 187], [13, 140], [14, 146], [15, 106], [16, 111], [17, 104], [18, 74], [19, 42], [20, 40], [21, 26], [22, 14], [23, 9], [24, 10], [25, 6], [26, 4], [27, 5], [28, 2], [29, 2], [44, 1], [49, 1], [58, 1], [59, 1], [63, 1]]

6frequency = [[0, 202], [1, 275], [2, 299], [3, 271], [4, 320], [5, 294], [6, 307], [7, 306], [8, 288], [9, 271], [10, 230], [11, 232], [12, 190], [13, 159], [14, 137], [15, 107], [16, 92], [17, 64], [18, 56], [19, 34], [20, 29], [21, 18], [22, 8], [23, 12], [24, 6], [25, 2], [26, 2], [27, 3], [31, 2], [32, 2], [34, 1], [39, 1], [56, 1], [60, 2]]

7frequency = [[0, 180], [1, 247], [2, 226], [3, 255], [4, 288], [5, 304], [6, 298], [7, 246], [8, 234], [9, 310], [10, 268], [11, 244], [12, 204], [13, 175], [14, 172], [15, 132], [16, 98], [17, 96], [18, 59], [19, 50], [20, 40], [21, 23], [22, 20], [23, 18], [24, 10], [25, 8], [26, 4], [27, 5], [29, 3], [31, 1], [33, 1], [50, 1], [54, 1], [55, 1], [58, 1]]

8frequency = [[0, 267], [1, 302], [2, 330], [3, 300], [4, 275], [5, 295], [6, 289], [7, 237], [8, 294], [9, 242], [10, 225], [11, 234], [12, 167], [13, 151], [14, 123], [15, 125], [16, 88], [17, 78], [18, 45], [19, 44], [20, 32], [21, 17], [22, 13], [23, 17], [24, 8], [25, 8], [26, 5], [27, 1], [29, 1], [30, 3], [32, 1], [67, 1], [36, 1], [42, 1], [54, 1], [56, 2]]

frequencies = [1frequency, 2frequency, 3frequency, 4frequency, 5frequency, 6frequency, 7frequency, 8frequency]

"""
def freq_plotter(flist):
    plotlist = []
    for record in flist:
        xlist = []
        ylist = []
        for value in record:
           xlist.append(value[0])
            ylist.append(value[1])
        plotlist.append([xlist,ylist])
    for entry in plotlist:
        plt.plot(entry)
"""
#freq_plotter(frequencies)

for entry in frequencies:
    print(entry)
